#this is a comment line
#red pieces
A
0,0,0
1,0,0
1,0,1
1,1,0
1,1,1
B
0,0,0
1,0,0
1,1,0
2,0,0
3,0,0
C
0,0,0
1,0,0
2,0,0
2,1,0
2,2,0
D
0,0,0
1,0,0
1,1,0
1,1,1
1,2,1
1,1,2
#blue pieces
E
0,0,0
1,0,0
2,0,0
2,0,1
2,0,2
2,1,2
F
0,0,0
1,0,0
1,0,1
1,1,1
1,1,2
G
0,0,0
1,0,0
2,0,0
2,1,0
3,1,0
H
0,0,0
1,0,0
2,0,0
2,0,1
2,1,1
2,0,2
#yellow pieces
#I looks like H, so there is no I
J
0,0,0
1,0,0
2,0,0
1,1,0
1,1,1
K
0,0,0
1,0,0
2,0,0
2,0,1
2,1,1
L
0,0,0
1,0,0
1,1,0
1,1,1
2,1,1
M
0,0,0
1,0,0
1,1,0
1,1,1
1,1,-1
2,1,0
